<!DOCTYPE HTML>
<html>
  <head>
    <meta charset="UTF-8">
    <title>TOMTOM</title>
    <script>
      // @JSON_VAR data
      var data = {
        "program": "Tomtom",
        "version": "4.11.2",
        "release": "Mon Oct 24 12:27:06 2016 -0700",
        "cmd": [
          "tomtom", "-verbosity", "1", "-oc", "dreme_tomtom_out",
          "-min-overlap", "5", "-dist", "pearson", "-evalue", "-thresh", "1",
          "-no-ssc", "-bfile", "./background", "dreme_out/dreme.xml",
          "db/EUKARYOTE/jolma2013.meme",
          "db/JASPAR/JASPAR_CORE_2014_vertebrates.meme",
          "db/MOUSE/uniprobe_mouse.meme"
        ],
        "options": {
          "strands": "both",
          "distance_measure": "pearson",
          "threshold_type": "evalue",
          "threshold_value": 1,
          "background_source": "file",
          "background_file": "./background"
        },
        "alphabet": {
          "name": "DNA",
          "like": "dna",
          "ncore": 4,
          "symbols": [
            {
              "symbol": "A",
              "name": "Adenine",
              "colour": "CC0000",
              "complement": "T"
            }, {
              "symbol": "C",
              "name": "Cytosine",
              "colour": "0000CC",
              "complement": "G"
            }, {
              "symbol": "G",
              "name": "Guanine",
              "colour": "FFB300",
              "complement": "C"
            }, {
              "symbol": "T",
              "aliases": "U",
              "name": "Thymine",
              "colour": "008000",
              "complement": "A"
            }, {
              "symbol": "N",
              "aliases": "X.",
              "name": "Any base",
              "equals": "ACGT"
            }, {
              "symbol": "V",
              "name": "Not T",
              "equals": "ACG"
            }, {
              "symbol": "H",
              "name": "Not G",
              "equals": "ACT"
            }, {
              "symbol": "D",
              "name": "Not C",
              "equals": "AGT"
            }, {
              "symbol": "B",
              "name": "Not A",
              "equals": "CGT"
            }, {
              "symbol": "M",
              "name": "Amino",
              "equals": "AC"
            }, {
              "symbol": "R",
              "name": "Purine",
              "equals": "AG"
            }, {
              "symbol": "W",
              "name": "Weak",
              "equals": "AT"
            }, {
              "symbol": "S",
              "name": "Strong",
              "equals": "CG"
            }, {
              "symbol": "Y",
              "name": "Pyrimidine",
              "equals": "CT"
            }, {
              "symbol": "K",
              "name": "Keto",
              "equals": "GT"
            }
          ]
        },
        "background": [0.1915, 0.3085, 0.3085, 0.1915],
        "query_dbs": [
          {
            "source": "dreme_out/dreme.xml",
            "name": "dreme",
            "loaded": 7,
            "excluded": 0,
            "last_modified": "Mon Feb  6 16:29:46 2017"
          }
        ],
        "target_dbs": [
          {
            "source": "db/EUKARYOTE/jolma2013.meme",
            "name": "jolma2013",
            "loaded": 843,
            "excluded": 0,
            "last_modified": "Wed Sep 14 18:58:12 2016"
          }, {
            "source": "db/JASPAR/JASPAR_CORE_2014_vertebrates.meme",
            "name": "JASPAR CORE 2014 vertebrates",
            "loaded": 205,
            "excluded": 0,
            "last_modified": "Wed Sep 14 18:58:15 2016"
          }, {
            "source": "db/MOUSE/uniprobe_mouse.meme",
            "name": "uniprobe mouse",
            "loaded": 386,
            "excluded": 0,
            "last_modified": "Wed Sep 14 19:01:18 2016"
          }
        ],
        "queries": [
          {
            "db": 0,
            "id": "AASATGG",
            "alt": "DREME",
            "len": 7,
            "nsites": 67,
            "evalue": "3.9e-008",
            "pwm": [
              [0.998795, 0.000459762, 0.000459762, 0.000285395], 
              [0.998795, 0.000459762, 0.000459762, 0.000285395], 
              [0.000285395, 0.387941, 0.611488, 0.000285395], 
              [0.998795, 0.000459762, 0.000459762, 0.000285395], 
              [0.000285395, 0.000459762, 0.000459762, 0.998795], 
              [0.000285395, 0.000459762, 0.998969, 0.000285395], 
              [0.000285395, 0.000459762, 0.998969, 0.000285395]
            ]
          }, {
            "db": 0,
            "id": "ACGTSA",
            "alt": "DREME",
            "len": 6,
            "nsites": 59,
            "evalue": "6.2e-003",
            "pwm": [
              [0.998632, 0.000521997, 0.000521997, 0.000324027], 
              [0.000324027, 0.99883, 0.000521997, 0.000324027], 
              [0.000324027, 0.000521997, 0.99883, 0.000324027], 
              [0.000324027, 0.000521997, 0.000521997, 0.998632], 
              [0.000324027, 0.558898, 0.440454, 0.000324027], 
              [0.998632, 0.000521997, 0.000521997, 0.000324027]
            ]
          }, {
            "db": 0,
            "id": "ATGGCB",
            "alt": "DREME",
            "len": 6,
            "nsites": 582,
            "evalue": "1.6e-124",
            "pwm": [
              [0.999861, 5.29978e-05, 5.29978e-05, 3.28981e-05], 
              [3.28981e-05, 5.29978e-05, 5.29978e-05, 0.999861], 
              [3.28981e-05, 5.29978e-05, 0.999881, 3.28981e-05], 
              [3.28981e-05, 5.29978e-05, 0.999881, 3.28981e-05], 
              [3.28981e-05, 0.999881, 5.29978e-05, 3.28981e-05], 
              [3.28981e-05, 0.226818, 0.587581, 0.185568]
            ]
          }, {
            "db": 0,
            "id": "CGGAAGY",
            "alt": "DREME",
            "len": 7,
            "nsites": 81,
            "evalue": "1.8e-013",
            "pwm": [
              [0.000236128, 0.999147, 0.000380395, 0.000236128], 
              [0.000236128, 0.000380395, 0.999147, 0.000236128], 
              [0.000236128, 0.000380395, 0.999147, 0.000236128], 
              [0.999003, 0.000380395, 0.000380395, 0.000236128], 
              [0.999003, 0.000380395, 0.000380395, 0.000236128], 
              [0.000236128, 0.000380395, 0.999147, 0.000236128], 
              [0.000236128, 0.370294, 0.000380395, 0.62909]
            ]
          }, {
            "db": 0,
            "id": "CYCCGCC",
            "alt": "DREME",
            "len": 7,
            "nsites": 89,
            "evalue": "4.1e-002",
            "pwm": [
              [0.000214927, 0.999224, 0.00034624, 0.000214927], 
              [0.000214927, 0.58396, 0.00034624, 0.415478], 
              [0.000214927, 0.999224, 0.00034624, 0.000214927], 
              [0.000214927, 0.999224, 0.00034624, 0.000214927], 
              [0.000214927, 0.00034624, 0.999224, 0.000214927], 
              [0.000214927, 0.999224, 0.00034624, 0.000214927], 
              [0.000214927, 0.999224, 0.00034624, 0.000214927]
            ]
          }, {
            "db": 0,
            "id": "GGAAR",
            "alt": "DREME",
            "len": 5,
            "nsites": 359,
            "evalue": "8.5e-005",
            "pwm": [
              [5.33278e-05, 8.59092e-05, 0.999807, 5.33278e-05], 
              [5.33278e-05, 8.59092e-05, 0.999807, 5.33278e-05], 
              [0.999775, 8.59092e-05, 8.59092e-05, 5.33278e-05], 
              [0.999775, 8.59092e-05, 8.59092e-05, 5.33278e-05], 
              [0.395486, 8.59092e-05, 0.604375, 5.33278e-05]
            ]
          }, {
            "db": 0,
            "id": "RACTACA",
            "alt": "DREME",
            "len": 7,
            "nsites": 27,
            "evalue": "2.0e-003",
            "pwm": [
              [0.517312, 0.00113838, 0.480843, 0.000706642], 
              [0.997017, 0.00113838, 0.00113838, 0.000706642], 
              [0.000706642, 0.997448, 0.00113838, 0.000706642], 
              [0.000706642, 0.00113838, 0.00113838, 0.997017], 
              [0.997017, 0.00113838, 0.00113838, 0.000706642], 
              [0.000706642, 0.997448, 0.00113838, 0.000706642], 
              [0.997017, 0.00113838, 0.00113838, 0.000706642]
            ]
          }
        ],
        "targets": [
          {
            "db": 0,
            "id": "ATF7_DBD",
            "len": 14,
            "nsites": 20,
            "url": "http://floresta.eead.csic.es/footprintdb/index.php?db=HumanTF:1.0&motif=ATF7_DBD",
            "pwm": [
              [0.20284, 0.341584, 0.215725, 0.239851], 
              [0.265023, 0.127136, 0.377256, 0.230586], 
              [0.819023, 0.01711, 0.161179, 0.00268806], 
              [0.00151692, 0.0017398, 0.00374179, 0.993], 
              [0.00217761, 0.00186418, 0.912138, 0.0838204], 
              [0.991979, 0.00194478, 0.00450896, 0.00156766], 
              [0.00197562, 0.99037, 0.00322338, 0.00443134], 
              [0.0050005, 0.00199552, 0.991846, 0.00115771], 
              [0.00223234, 0.00235373, 0.00547413, 0.98994], 
              [0.122426, 0.871799, 0.00383134, 0.00194279], 
              [0.992797, 0.00163731, 0.00404925, 0.00151692], 
              [0.00395771, 0.269198, 0.0176572, 0.709188], 
              [0.290673, 0.419333, 0.111132, 0.178862], 
              [0.29332, 0.254782, 0.304813, 0.147085]
            ]
          }, {
            "db": 0,
            "id": "BATF3_DBD",
            "len": 14,
            "nsites": 20,
            "url": "http://floresta.eead.csic.es/footprintdb/index.php?db=HumanTF:1.0&motif=BATF3_DBD",
            "pwm": [
              [0.0511428, 0.124501, 0.0391776, 0.785178], 
              [0.0285925, 0.0147537, 0.935272, 0.0213816], 
              [0.921584, 0.027108, 0.0480313, 0.00327711], 
              [0.00230995, 0.00153483, 0.00153483, 0.99462], 
              [0.000952736, 0.00153483, 0.99656, 0.000952736], 
              [0.995978, 0.00153483, 0.00153483, 0.000952736], 
              [0.00295075, 0.994562, 0.00153483, 0.000952736], 
              [0.01151, 0.00153483, 0.986002, 0.000952736], 
              [0.000952736, 0.00153483, 0.00440249, 0.99311], 
              [0.0123458, 0.975672, 0.00533284, 0.00664925], 
              [0.991262, 0.00153483, 0.00153483, 0.00566816], 
              [0.00754279, 0.0529338, 0.0371189, 0.902405], 
              [0.0328791, 0.923839, 0.0139507, 0.0293308], 
              [0.616593, 0.0429219, 0.255033, 0.0854522]
            ]
          }, {
            "db": 0,
            "id": "CREB3L1_DBD_1",
            "len": 14,
            "nsites": 20,
            "url": "http://floresta.eead.csic.es/footprintdb/index.php?db=HumanTF:1.0&motif=CREB3L1_DBD_1",
            "pwm": [
              [0.367228, 0.21359, 0.26994, 0.149242], 
              [0.043105, 0.177911, 0.033704, 0.74528], 
              [0.028903, 0.00572687, 0.939262, 0.026108], 
              [0.0836453, 0.911156, 0.00153483, 0.00366418], 
              [0.00534876, 0.984836, 0.00153483, 0.0082801], 
              [0.991549, 0.00153483, 0.00596368, 0.000952736], 
              [0.000952736, 0.992131, 0.00596368, 0.000952736], 
              [0.0310184, 0.00583035, 0.9622, 0.000952736], 
              [0.0111806, 0.00153483, 0.00591791, 0.981367], 
              [0.143943, 0.794482, 0.0488045, 0.0127697], 
              [0.82017, 0.0418244, 0.0894393, 0.0485677], 
              [0.0899269, 0.277354, 0.186897, 0.445822], 
              [0.0859209, 0.751717, 0.0730871, 0.0892751], 
              [0.649168, 0.0643279, 0.162864, 0.12364]
            ]
          }, {
            "db": 0,
            "id": "CREB3L1_DBD_4",
            "len": 14,
            "nsites": 20,
            "url": "http://floresta.eead.csic.es/footprintdb/index.php?db=HumanTF:1.0&motif=CREB3L1_DBD_4",
            "pwm": [
              [0.302869, 0.195867, 0.275029, 0.226234], 
              [0.0424423, 0.172986, 0.0284005, 0.756171], 
              [0.00714975, 0.00239552, 0.983907, 0.00654776], 
              [0.0573846, 0.937667, 0.00301144, 0.00193682], 
              [0.00329303, 0.990838, 0.00335473, 0.00251294], 
              [0.992415, 0.00431493, 0.00153483, 0.00173483], 
              [0.00112687, 0.995601, 0.00231891, 0.000952736], 
              [0.0105348, 0.00162139, 0.986804, 0.0010393], 
              [0.00311791, 0.00335373, 0.00430597, 0.989223], 
              [0.135527, 0.826841, 0.0277119, 0.0099199], 
              [0.837445, 0.0357627, 0.0961557, 0.0306363], 
              [0.0575398, 0.256656, 0.230586, 0.455218], 
              [0.064307, 0.823199, 0.0492662, 0.0632274], 
              [0.68428, 0.0668562, 0.161156, 0.087708]
            ]
          }, {
            "db": 0,
            "id": "CREB3L1_full_2",
            "len": 14,
            "nsites": 20,
            "url": "http://floresta.eead.csic.es/footprintdb/index.php?db=HumanTF:1.0&motif=CREB3L1_full_2",
            "pwm": [
              [0.317552, 0.197525, 0.303057, 0.181866], 
              [0.0267975, 0.117836, 0.0144572, 0.840909], 
              [0.000952736, 0.00153483, 0.99656, 0.000952736], 
              [0.0160294, 0.981483, 0.00153483, 0.000952736], 
              [0.000952736, 0.99656, 0.00153483, 0.000952736], 
              [0.995978, 0.00153483, 0.00153483, 0.000952736], 
              [0.000952736, 0.99656, 0.00153483, 0.000952736], 
              [0.000952736, 0.00153483, 0.99656, 0.000952736], 
              [0.000952736, 0.00153483, 0.00153483, 0.995978], 
              [0.0578114, 0.925486, 0.0157498, 0.000952736], 
              [0.874961, 0.0284274, 0.0687667, 0.0278453], 
              [0.0461816, 0.363362, 0.182448, 0.408008], 
              [0.0424124, 0.899821, 0.0153547, 0.0424124], 
              [0.83014, 0.0653189, 0.0780751, 0.0264662]
            ]
          }, {
            "db": 0,
            "id": "CREB3_full_1",
            "len": 14,
            "nsites": 20,
            "url": "http://floresta.eead.csic.es/footprintdb/index.php?db=HumanTF:1.0&motif=CREB3_full_1",
            "pwm": [
              [0.158062, 0.350666, 0.176101, 0.315171], 
              [0.247508, 0.221673, 0.336145, 0.194674], 
              [0.47359, 0.0429945, 0.474172, 0.00924428], 
              [0.000952736, 0.00153483, 0.00153483, 0.995978], 
              [0.000952736, 0.00996766, 0.96283, 0.0262502], 
              [0.987325, 0.00153483, 0.00153483, 0.00960547], 
              [0.000952736, 0.987907, 0.00153483, 0.00960547], 
              [0.000952736, 0.00153483, 0.987907, 0.00960547], 
              [0.000952736, 0.0101876, 0.00153483, 0.987325], 
              [0.000952736, 0.987907, 0.0101876, 0.000952736], 
              [0.970464, 0.0100393, 0.0100393, 0.00945721], 
              [0.00917562, 0.437373, 0.0508751, 0.502577], 
              [0.0802662, 0.823512, 0.0375866, 0.0586353], 
              [0.498465, 0.254655, 0.176101, 0.0707786]
            ]
          }, {
            "db": 0,
            "id": "CREB3_full_2",
            "len": 14,
            "nsites": 20,
            "url": "http://floresta.eead.csic.es/footprintdb/index.php?db=HumanTF:1.0&motif=CREB3_full_2",
            "pwm": [
              [0.251293, 0.248707, 0.340603, 0.159397], 
              [0.0688433, 0.167018, 0.160654, 0.603484], 
              [0.0378741, 0.00153483, 0.721497, 0.239094], 
              [0.286131, 0.643187, 0.00773483, 0.0629478], 
              [0.0266542, 0.886409, 0.0602821, 0.0266542], 
              [0.992726, 0.00153483, 0.00153483, 0.00420448], 
              [0.000952736, 0.99656, 0.00153483, 0.000952736], 
              [0.00755672, 0.00153483, 0.985553, 0.00535572], 
              [0.00358557, 0.00416766, 0.00153483, 0.990713], 
              [0.0382194, 0.914573, 0.0313488, 0.0158592], 
              [0.933789, 0.00775373, 0.0388483, 0.0196095], 
              [0.0233488, 0.36947, 0.0911189, 0.516062], 
              [0.176228, 0.567809, 0.0959139, 0.160049], 
              [0.382914, 0.162022, 0.316091, 0.138973]
            ]
          }, {
            "db": 0,
            "id": "Creb3l2_DBD_1",
            "len": 13,
            "nsites": 20,
            "url": "http://floresta.eead.csic.es/footprintdb/index.php?db=HumanTF:1.0&motif=Creb3l2_DBD_1",
            "pwm": [
              [0.0109597, 0.102753, 0.0166891, 0.869599], 
              [0.00223333, 0.00153483, 0.988874, 0.00735771], 
              [0.0305647, 0.962717, 0.00455672, 0.00216169], 
              [0.000952736, 0.993852, 0.00183532, 0.00335871], 
              [0.994587, 0.00257861, 0.00188308, 0.000952736], 
              [0.00155075, 0.994467, 0.00183333, 0.00214876], 
              [0.00545721, 0.00206517, 0.991525, 0.000952736], 
              [0.000952736, 0.00183333, 0.00183333, 0.995381], 
              [0.00850597, 0.984358, 0.00531194, 0.00182438], 
              [0.982186, 0.00317662, 0.0104015, 0.00423632], 
              [0.00611095, 0.206157, 0.11101, 0.676721], 
              [0.0102333, 0.965061, 0.011097, 0.0136085], 
              [0.867427, 0.0197667, 0.089295, 0.0235109]
            ]
          }, {
            "db": 0,
            "id": "Creb5_DBD",
            "len": 12,
            "nsites": 20,
            "url": "http://floresta.eead.csic.es/footprintdb/index.php?db=HumanTF:1.0&motif=Creb5_DBD",
            "pwm": [
              [0.32394, 0.200379, 0.287978, 0.187705], 
              [0.872865, 0.0549697, 0.0617965, 0.0103687], 
              [0.00255473, 0.00580746, 0.00153483, 0.990103], 
              [0.0037398, 0.00282139, 0.795668, 0.197771], 
              [0.993031, 0.00153483, 0.00180249, 0.00363134], 
              [0.000952736, 0.981479, 0.00153483, 0.0160333], 
              [0.0399279, 0.00153483, 0.957585, 0.000952736], 
              [0.00575672, 0.00313582, 0.00153483, 0.989572], 
              [0.198236, 0.798415, 0.00153483, 0.00181343], 
              [0.99544, 0.00153483, 0.00153483, 0.00149005], 
              [0.00748905, 0.488067, 0.0216652, 0.482779], 
              [0.199743, 0.395354, 0.101467, 0.303436]
            ]
          }, {
            "db": 0,
            "id": "E2F1_DBD_4",
            "len": 14,
            "nsites": 20,
            "url": "http://floresta.eead.csic.es/footprintdb/index.php?db=HumanTF:1.0&motif=E2F1_DBD_4",
            "pwm": [
              [0.548216, 0.0512861, 0.00153483, 0.398963], 
              [0.786499, 0.00153483, 0.00153483, 0.210431], 
              [0.597968, 0.0512861, 0.00153483, 0.349211], 
              [0.0442144, 0.00153483, 0.131321, 0.82293], 
              [0.000952736, 0.00153483, 0.99656, 0.000952736], 
              [0.000952736, 0.00153483, 0.99656, 0.000952736], 
              [0.000952736, 0.99656, 0.00153483, 0.000952736], 
              [0.000952736, 0.00153483, 0.959707, 0.0378055], 
              [0.000952736, 0.99656, 0.00153483, 0.000952736], 
              [0.0562323, 0.886001, 0.00153483, 0.0562323], 
              [0.597968, 0.280142, 0.00153483, 0.120356], 
              [0.268844, 0.0780751, 0.00153483, 0.651546], 
              [0.050704, 0.00153483, 0.101037, 0.846724], 
              [0.0533229, 0.053905, 0.053905, 0.838868]
            ]
          }, {
            "db": 0,
            "id": "E2F2_DBD_1",
            "len": 18,
            "nsites": 20,
            "url": "http://floresta.eead.csic.es/footprintdb/index.php?db=HumanTF:1.0&motif=E2F2_DBD_1",
            "pwm": [
              [0.673568, 0.129388, 0.101594, 0.0954522], 
              [0.81723, 0.00749303, 0.132616, 0.0426602], 
              [0.913587, 0.00153483, 0.00153483, 0.0833438], 
              [0.943261, 0.00812488, 0.00153483, 0.0470801], 
              [0.835105, 0.0134512, 0.0551587, 0.0962841], 
              [0.191962, 0.00153483, 0.0992602, 0.707242], 
              [0.000952736, 0.0222642, 0.950955, 0.0258284], 
              [0.000952736, 0.00153483, 0.99656, 0.000952736], 
              [0.000952736, 0.987982, 0.00153483, 0.00953085], 
              [0.000952736, 0.00153483, 0.99656, 0.000952736], 
              [0.000952736, 0.99656, 0.00153483, 0.000952736], 
              [0.000952736, 0.99656, 0.00153483, 0.000952736], 
              [0.975391, 0.0152592, 0.00153483, 0.00781542], 
              [0.975808, 0.00153483, 0.00153483, 0.0211219], 
              [0.930944, 0.00803831, 0.00153483, 0.0594841], 
              [0.750081, 0.0129716, 0.00153483, 0.235412], 
              [0.323841, 0.153095, 0.00153483, 0.521529], 
              [0.249709, 0.0544612, 0.541389, 0.15444]
            ]
          }, {
            "db": 0,
            "id": "E2F2_DBD_3",
            "len": 16,
            "nsites": 20,
            "url": "http://floresta.eead.csic.es/footprintdb/index.php?db=HumanTF:1.0&motif=E2F2_DBD_3",
            "pwm": [
              [0.926558, 0.00153483, 0.00153483, 0.0703726], 
              [0.949697, 0.00153483, 0.00153483, 0.0472333], 
              [0.972286, 0.00153483, 0.00153483, 0.0246443], 
              [0.664303, 0.0210453, 0.0600662, 0.254587], 
              [0.235889, 0.0153547, 0.112093, 0.636663], 
              [0.000952736, 0.0800891, 0.89182, 0.0271378], 
              [0.000952736, 0.00153483, 0.99656, 0.000952736], 
              [0.000952736, 0.99656, 0.00153483, 0.000952736], 
              [0.000952736, 0.00153483, 0.99656, 0.000952736], 
              [0.000952736, 0.99656, 0.00153483, 0.000952736], 
              [0.000952736, 0.908764, 0.0893308, 0.000952736], 
              [0.763099, 0.0650473, 0.00153483, 0.170319], 
              [0.30588, 0.0175836, 0.00153483, 0.675001], 
              [0.150206, 0.00153483, 0.00153483, 0.846724], 
              [0.0197269, 0.00153483, 0.00153483, 0.977203], 
              [0.180057, 0.0612363, 0.0214353, 0.737271]
            ]
          }, {
            "db": 0,
            "id": "E2F3_DBD_1",
            "len": 18,
            "nsites": 20,
            "url": "http://floresta.eead.csic.es/footprintdb/index.php?db=HumanTF:1.0&motif=E2F3_DBD_1",
            "pwm": [
              [0.602926, 0.103703, 0.197554, 0.0958174], 
              [0.804484, 0.017299, 0.158296, 0.0199209], 
              [0.913507, 0.00339552, 0.00470697, 0.0783905], 
              [0.841013, 0.00317463, 0.00355572, 0.152256], 
              [0.759962, 0.00266716, 0.0337736, 0.203597], 
              [0.134405, 0.00325025, 0.284723, 0.577621], 
              [0.0127517, 0.120443, 0.825203, 0.0416015], 
              [0.00109204, 0.00184129, 0.996114, 0.000952736], 
              [0.00136468, 0.995529, 0.00153483, 0.00157164], 
              [0.00152388, 0.00202438, 0.995336, 0.00111592], 
              [0.00125025, 0.996262, 0.00153483, 0.000952736], 
              [0.00136965, 0.97834, 0.0184622, 0.00182836], 
              [0.972494, 0.0142463, 0.00153483, 0.0117259], 
              [0.9553, 0.00254975, 0.00378458, 0.0383657], 
              [0.952057, 0.00192985, 0.00258756, 0.0434254], 
              [0.886239, 0.00390896, 0.00352786, 0.106324], 
              [0.241706, 0.243139, 0.141301, 0.373855], 
              [0.137126, 0.207122, 0.350007, 0.305745]
            ]
          }, {
            "db": 0,
            "id": "E2F4_DBD_1",
            "len": 12,
            "nsites": 20,
            "url": "http://floresta.eead.csic.es/footprintdb/index.php?db=HumanTF:1.0&motif=E2F4_DBD_1",
            "pwm": [
              [0.935058, 0.00153483, 0.00153483, 0.0618721], 
              [0.83014, 0.00153483, 0.0303766, 0.137949], 
              [0.0951189, 0.00153483, 0.180451, 0.722895], 
              [0.00520547, 0.00578756, 0.979551, 0.00945721], 
              [0.000952736, 0.00153483, 0.99656, 0.000952736], 
              [0.000952736, 0.99656, 0.00153483, 0.000952736], 
              [0.000952736, 0.00153483, 0.99656, 0.000952736], 
              [0.000952736, 0.99656, 0.00153483, 0.000952736], 
              [0.000952736, 0.99656, 0.00153483, 0.000952736], 
              [0.995978, 0.00153483, 0.00153483, 0.000952736], 
              [0.966589, 0.0141299, 0.00993184, 0.00934975], 
              [0.958508, 0.00153483, 0.00153483, 0.0384224]
            ]
          }, {
            "db": 0,
            "id": "EGR2_full",
            "len": 15,
            "nsites": 20,
            "url": "http://floresta.eead.csic.es/footprintdb/index.php?db=HumanTF:1.0&motif=EGR2_full",
            "pwm": [
              [0.248233, 0.29831, 0.191897, 0.261559], 
              [0.262761, 0.285527, 0.135786, 0.315926], 
              [0.486289, 0.411319, 0.0247378, 0.0776552], 
              [0.00988507, 0.969762, 0.00608905, 0.0142642], 
              [0.098501, 0.0097199, 0.821174, 0.0706065], 
              [0.00254378, 0.988602, 0.00542537, 0.00342836], 
              [0.00378358, 0.988775, 0.00454279, 0.002899], 
              [0.00447313, 0.84651, 0.00153483, 0.147482], 
              [0.874207, 0.113876, 0.00735274, 0.00456368], 
              [0.000952736, 0.993366, 0.00401841, 0.00166219], 
              [0.0360453, 0.0189109, 0.903888, 0.0411557], 
              [0.00433383, 0.909499, 0.00457761, 0.0815896], 
              [0.554898, 0.107032, 0.201812, 0.136257], 
              [0.274503, 0.305778, 0.132364, 0.287356], 
              [0.270588, 0.234331, 0.163354, 0.331728]
            ]
          }, {
            "db": 0,
            "id": "EGR3_DBD",
            "len": 15,
            "nsites": 20,
            "url": "http://floresta.eead.csic.es/footprintdb/index.php?db=HumanTF:1.0&motif=EGR3_DBD",
            "pwm": [
              [0.194782, 0.372512, 0.161429, 0.271277], 
              [0.267092, 0.29225, 0.116022, 0.324635], 
              [0.583173, 0.397399, 0.00718159, 0.0122473], 
              [0.00201741, 0.988579, 0.00153483, 0.00787015], 
              [0.0296055, 0.0154274, 0.938387, 0.0165816], 
              [0.000952736, 0.995489, 0.00260547, 0.000952736], 
              [0.000952736, 0.991233, 0.00153483, 0.0062791], 
              [0.000952736, 0.951236, 0.00518159, 0.0426294], 
              [0.708892, 0.279457, 0.00825423, 0.00339552], 
              [0.000952736, 0.991806, 0.00523134, 0.00200945], 
              [0.0182383, 0.0139448, 0.955341, 0.0124761], 
              [0.00198756, 0.984142, 0.00205224, 0.0118184], 
              [0.803843, 0.03589, 0.108417, 0.0518493], 
              [0.243584, 0.360102, 0.0672721, 0.329042], 
              [0.239037, 0.209558, 0.139816, 0.411589]
            ]
          }, {
            "db": 0,
            "id": "EHF_full",
            "len": 12,
            "nsites": 20,
            "url": "http://floresta.eead.csic.es/footprintdb/index.php?db=HumanTF:1.0&motif=EHF_full",
            "pwm": [
              [0.424504, 0.162319, 0.132919, 0.280258], 
              [0.823249, 0.0327726, 0.0318542, 0.112124], 
              [0.0975189, 0.692744, 0.126337, 0.0834005], 
              [0.0739448, 0.748972, 0.17146, 0.00562438], 
              [0.112784, 0.869234, 0.0123139, 0.00566816], 
              [0.00231493, 0.00221542, 0.994517, 0.000952736], 
              [0.000952736, 0.00153483, 0.99656, 0.000952736], 
              [0.988638, 0.00572886, 0.00258358, 0.00304925], 
              [0.972262, 0.0118463, 0.0108144, 0.00507711], 
              [0.125966, 0.0199378, 0.844895, 0.00920249], 
              [0.0289378, 0.0582821, 0.0240781, 0.888702], 
              [0.511074, 0.0872751, 0.239303, 0.162347]
            ]
          }, {
            "db": 0,
            "id": "ELF1_DBD",
            "len": 12,
            "nsites": 20,
            "url": "http://floresta.eead.csic.es/footprintdb/index.php?db=HumanTF:1.0&motif=ELF1_DBD",
            "pwm": [
              [0.583864, 0.0886244, 0.150349, 0.177162], 
              [0.760609, 0.076906, 0.0367955, 0.125689], 
              [0.133637, 0.733314, 0.0654353, 0.0676134], 
              [0.0266005, 0.903652, 0.0687945, 0.000952736], 
              [0.0333478, 0.964165, 0.00153483, 0.000952736], 
              [0.000952736, 0.00153483, 0.99656, 0.000952736], 
              [0.000952736, 0.00153483, 0.99656, 0.000952736], 
              [0.994248, 0.00153483, 0.00326418, 0.000952736], 
              [0.978954, 0.00181841, 0.00153483, 0.017692], 
              [0.135469, 0.00153483, 0.861794, 0.00120249], 
              [0.00990299, 0.0802423, 0.00153483, 0.908321], 
              [0.301828, 0.190954, 0.392499, 0.114719]
            ]
          }, {
            "db": 0,
            "id": "ELF1_full",
            "len": 12,
            "nsites": 20,
            "url": "http://floresta.eead.csic.es/footprintdb/index.php?db=HumanTF:1.0&motif=ELF1_full",
            "pwm": [
              [0.722536, 0.0395129, 0.00913085, 0.228821], 
              [0.872564, 0.0478154, 0.0323886, 0.0472333], 
              [0.124367, 0.749732, 0.00153483, 0.124367], 
              [0.0389308, 0.87503, 0.0850861, 0.000952736], 
              [0.000952736, 0.932878, 0.049296, 0.0168731], 
              [0.00663831, 0.00153483, 0.990874, 0.000952736], 
              [0.000952736, 0.00153483, 0.968609, 0.028903], 
              [0.987545, 0.00153483, 0.00153483, 0.00938557], 
              [0.933299, 0.00153483, 0.00936965, 0.0557965], 
              [0.0571687, 0.00153483, 0.940344, 0.000952736], 
              [0.0202114, 0.0336323, 0.052891, 0.893265], 
              [0.33034, 0.0770194, 0.557377, 0.0352642]
            ]
          }, {
            "db": 0,
            "id": "ELF3_DBD",
            "len": 12,
            "nsites": 20,
            "url": "http://floresta.eead.csic.es/footprintdb/index.php?db=HumanTF:1.0&motif=ELF3_DBD",
            "pwm": [
              [0.434832, 0.119529, 0.11464, 0.330999], 
              [0.904433, 0.00545224, 0.00978159, 0.0803318], 
              [0.0517358, 0.825917, 0.0881736, 0.0341736], 
              [0.057709, 0.855416, 0.0851756, 0.0017], 
              [0.103156, 0.890118, 0.00561642, 0.00110995], 
              [0.000952736, 0.0018592, 0.996235, 0.000952736], 
              [0.000952736, 0.00234577, 0.995425, 0.00127711], 
              [0.99424, 0.00196866, 0.0026204, 0.00116965], 
              [0.986577, 0.00153483, 0.00153483, 0.0103537], 
              [0.104706, 0.00884826, 0.885494, 0.000952736], 
              [0.0141806, 0.040906, 0.00853781, 0.936376], 
              [0.579917, 0.0478522, 0.267065, 0.105167]
            ]
          }, {
            "db": 0,
            "id": "ELF3_full",
            "len": 13,
            "nsites": 20,
            "url": "http://floresta.eead.csic.es/footprintdb/index.php?db=HumanTF:1.0&motif=ELF3_full",
            "pwm": [
              [0.463687, 0.120879, 0.106968, 0.308466], 
              [0.916634, 0.0104403, 0.00477363, 0.0681517], 
              [0.0413915, 0.779557, 0.160442, 0.0186095], 
              [0.0905577, 0.815007, 0.0934821, 0.000952736], 
              [0.0838184, 0.911768, 0.00346219, 0.000952736], 
              [0.00235771, 0.00153483, 0.995155, 0.000952736], 
              [0.000952736, 0.00431791, 0.990529, 0.0041995], 
              [0.994314, 0.00236667, 0.00236667, 0.000952736], 
              [0.983703, 0.00235274, 0.00153483, 0.0124085], 
              [0.0605567, 0.00153483, 0.932063, 0.00584527], 
              [0.0154791, 0.0245338, 0.00819254, 0.951795], 
              [0.578568, 0.0403348, 0.268127, 0.112972], 
              [0.485543, 0.110657, 0.258547, 0.145253]
            ]
          }, {
            "db": 0,
            "id": "ELF4_full",
            "len": 12,
            "nsites": 20,
            "url": "http://floresta.eead.csic.es/footprintdb/index.php?db=HumanTF:1.0&motif=ELF4_full",
            "pwm": [
              [0.562827, 0.10395, 0.151869, 0.181354], 
              [0.745637, 0.0786443, 0.0173796, 0.15834], 
              [0.151461, 0.708466, 0.0585458, 0.0815279], 
              [0.0161507, 0.886598, 0.0954055, 0.00184627], 
              [0.0517866, 0.940078, 0.00718259, 0.000952736], 
              [0.00176368, 0.00153483, 0.995749, 0.000952736], 
              [0.000952736, 0.00153483, 0.994939, 0.00257363], 
              [0.99062, 0.00153483, 0.00421343, 0.00363134], 
              [0.981345, 0.00818557, 0.00419552, 0.00627413], 
              [0.0345368, 0.0155935, 0.944231, 0.0056393], 
              [0.00468308, 0.0537577, 0.0276463, 0.913914], 
              [0.378538, 0.0793, 0.435336, 0.106826]
            ]
          }, {
            "db": 0,
            "id": "ELF5_DBD",
            "len": 11,
            "nsites": 20,
            "url": "http://floresta.eead.csic.es/footprintdb/index.php?db=HumanTF:1.0&motif=ELF5_DBD",
            "pwm": [
              [0.689707, 0.0399955, 0.064299, 0.205999], 
              [0.209221, 0.456615, 0.177829, 0.156334], 
              [0.202242, 0.498111, 0.283902, 0.0157448], 
              [0.339201, 0.610511, 0.0414045, 0.00888408], 
              [0.000952736, 0.00153483, 0.990502, 0.00701045], 
              [0.000952736, 0.00153483, 0.991334, 0.00617861], 
              [0.995978, 0.00153483, 0.00153483, 0.000952736], 
              [0.929698, 0.00236368, 0.00153483, 0.0664045], 
              [0.167524, 0.0284085, 0.797787, 0.00628109], 
              [0.0800612, 0.14992, 0.0566363, 0.713384], 
              [0.347378, 0.136104, 0.296133, 0.220386]
            ]
          }, {
            "db": 0,
            "id": "ELF5_full",
            "len": 11,
            "nsites": 20,
            "url": "http://floresta.eead.csic.es/footprintdb/index.php?db=HumanTF:1.0&motif=ELF5_full",
            "pwm": [
              [0.63997, 0.0681876, 0.0811478, 0.210696], 
              [0.228467, 0.429731, 0.179484, 0.162318], 
              [0.205427, 0.509716, 0.263808, 0.0210483], 
              [0.334381, 0.57966, 0.0721995, 0.0137597], 
              [0.00184925, 0.00153483, 0.989687, 0.00692886], 
              [0.0024403, 0.00153483, 0.987635, 0.00838955], 
              [0.990114, 0.00556667, 0.001901, 0.00241841], 
              [0.892834, 0.022096, 0.00153483, 0.0835348], 
              [0.223123, 0.0402274, 0.714728, 0.0219219], 
              [0.120356, 0.180765, 0.0796353, 0.619245], 
              [0.347315, 0.135529, 0.276747, 0.240408]
            ]
          }, {
            "db": 0,
            "id": "ELK1_DBD_1",
            "len": 10,
            "nsites": 20,
            "url": "http://floresta.eead.csic.es/footprintdb/index.php?db=HumanTF:1.0&motif=ELK1_DBD_1",
            "pwm": [
              [0.594621, 0.0805109, 0.177117, 0.147751], 
              [0.104713, 0.769265, 0.0931975, 0.0328254], 
              [0.0518881, 0.943199, 0.0039607, 0.000952736], 
              [0.000952736, 0.0027398, 0.995355, 0.000952736], 
              [0.000952736, 0.00153483, 0.993554, 0.00395871], 
              [0.988496, 0.0034801, 0.00153483, 0.00648905], 
              [0.867447, 0.0153199, 0.00219154, 0.115041], 
              [0.14936, 0.0701736, 0.766761, 0.013707], 
              [0.0567567, 0.17622, 0.0495219, 0.717501], 
              [0.320265, 0.154406, 0.306525, 0.218802]
            ]
          }, {
            "db": 0,
            "id": "ELK1_DBD_2",
            "len": 10,
            "nsites": 20,
            "url": "http://floresta.eead.csic.es/footprintdb/index.php?db=HumanTF:1.0&motif=ELK1_DBD_2",
            "pwm": [
              [0.67887, 0.0422333, 0.193321, 0.0855756], 
              [0.0257985, 0.936721, 0.031709, 0.00577065], 
              [0.00867711, 0.987114, 0.00280448, 0.00140448], 
              [0.000952736, 0.00199055, 0.99554, 0.00151692], 
              [0.00103831, 0.00241045, 0.980363, 0.0161886], 
              [0.989075, 0.0065607, 0.00287214, 0.00149204], 
              [0.943352, 0.00838557, 0.00276965, 0.045494], 
              [0.0592493, 0.0471706, 0.886944, 0.00663532], 
              [0.0177826, 0.117454, 0.0221687, 0.842595], 
              [0.289292, 0.146486, 0.376741, 0.18748]
            ]
          }, {
            "db": 0,
            "id": "ELK1_full_1",
            "len": 10,
            "nsites": 20,
            "url": "http://floresta.eead.csic.es/footprintdb/index.php?db=HumanTF:1.0&motif=ELK1_full_1",
            "pwm": [
              [0.765412, 0.0398622, 0.119363, 0.0753627], 
              [0.0494692, 0.90235, 0.0361139, 0.0120672], 
              [0.0209796, 0.975389, 0.0026791, 0.000952736], 
              [0.000952736, 0.00153483, 0.99617, 0.00134279], 
              [0.00365622, 0.00211393, 0.987675, 0.00655373], 
              [0.994226, 0.00289701, 0.00192388, 0.000952736], 
              [0.941979, 0.00872289, 0.0026403, 0.0466582], 
              [0.11249, 0.0326194, 0.850281, 0.00460945], 
              [0.0321776, 0.118389, 0.0266443, 0.82279], 
              [0.342372, 0.125669, 0.332235, 0.199724]
            ]
          }, {
            "db": 0,
            "id": "ELK1_full_2",
            "len": 17,
            "nsites": 20,
            "url": "http://floresta.eead.csic.es/footprintdb/index.php?db=HumanTF:1.0&motif=ELK1_full_2",
            "pwm": [
              [0.187967, 0.360437, 0.20725, 0.244346], 
              [0.87436, 0.0318572, 0.0836025, 0.0101816], 
              [0.00212786, 0.895458, 0.054907, 0.047506], 
              [0.0622045, 0.00153483, 0.00618657, 0.930073], 
              [0.00122438, 0.00289502, 0.00153483, 0.994345], 
              [0.00120149, 0.995567, 0.00153483, 0.00169801], 
              [0.000952736, 0.996055, 0.00153483, 0.00145721], 
              [0.00284627, 0.00603333, 0.984486, 0.00663433], 
              [0.00191891, 0.480335, 0.515828, 0.00191891], 
              [0.00820348, 0.969193, 0.00457562, 0.0180274], 
              [0.00453085, 0.00678358, 0.985348, 0.00333881], 
              [0.00283234, 0.00670398, 0.987397, 0.00306716], 
              [0.975389, 0.00727313, 0.0136861, 0.00365323], 
              [0.893932, 0.0134662, 0.00687214, 0.0857289], 
              [0.219736, 0.113369, 0.656664, 0.0102313], 
              [0.0607199, 0.374822, 0.0696652, 0.494794], 
              [0.237637, 0.178211, 0.395079, 0.189072]
            ]
          }, {
            "db": 0,
            "id": "ELK3_DBD",
            "len": 10,
            "nsites": 20,
            "url": "http://floresta.eead.csic.es/footprintdb/index.php?db=HumanTF:1.0&motif=ELK3_DBD",
            "pwm": [
              [0.60254, 0.0805985, 0.193279, 0.123583], 
              [0.0963418, 0.794789, 0.0806124, 0.0282572], 
              [0.0511428, 0.937168, 0.00739055, 0.004299], 
              [0.00139751, 0.00153483, 0.996115, 0.000952736], 
              [0.00181045, 0.00324925, 0.960549, 0.0343915], 
              [0.991109, 0.00463333, 0.00286318, 0.00139552], 
              [0.846327, 0.0177846, 0.00153483, 0.134354], 
              [0.164061, 0.0817786, 0.734211, 0.0199498], 
              [0.0503279, 0.160778, 0.0564692, 0.732425], 
              [0.347009, 0.142983, 0.290212, 0.219796]
            ]
          }, {
            "db": 0,
            "id": "ELK4_DBD",
            "len": 10,
            "nsites": 20,
            "url": "http://floresta.eead.csic.es/footprintdb/index.php?db=HumanTF:1.0&motif=ELK4_DBD",
            "pwm": [
              [0.668625, 0.0570443, 0.166268, 0.108062], 
              [0.0746811, 0.843363, 0.0668552, 0.015101], 
              [0.0611756, 0.93364, 0.00423134, 0.000952736], 
              [0.000952736, 0.00252786, 0.995567, 0.000952736], 
              [0.000952736, 0.00153483, 0.982638, 0.0148741], 
              [0.992835, 0.0039607, 0.00153483, 0.00167015], 
              [0.816592, 0.0155517, 0.00237761, 0.165479], 
              [0.326191, 0.0312284, 0.636437, 0.00614378], 
              [0.0363697, 0.303111, 0.0459756, 0.614544], 
              [0.271067, 0.201465, 0.362499, 0.164969]
            ]
          }, {
            "db": 0,
            "id": "ERF_DBD",
            "len": 10,
            "nsites": 20,
